(-0,356922548009804, 0,129909183414018, -0,861753534570305) (-0,18591247634697, 0,599755493806972, -0,861753534570305) (-0,430130016408357, 0,587023474321619, -0,672842995905266) 
(2,05916854621041, -0,749476058157797, 2,2024242379056) (2,23017861787324, -0,279629747764843, 2,2024242379056) (1,98596107781185, -0,292361767250195, 2,39133477657064) 
(-0,18591247634697, 0,599755493806972, -0,861753534570305) (-0,430130016408357, 0,587023474321619, -0,672842995905266) (-0,201326098029385, 0,934214610032742, -0,100910235680739) (0,28710898209339, 0,959678649003447, -0,478731313010816) 
(0,28710898209339, 0,959678649003447, -0,478731313010816) (-0,201326098029385, 0,934214610032742, -0,100910235680739) (0,173892757146695, 0,367177163928665, 0,0932014472137106) (0,418110297208083, 0,379909183414017, -0,0957090914513276) 
(0,418110297208083, 0,379909183414017, -0,0957090914513276) (0,173892757146695, 0,367177163928665, 0,0932014472137106) (0,402696675525668, 0,714368299639789, 0,665134207438238) (0,891131755648443, 0,739832338610494, 0,28731313010816) 
(0,891131755648443, 0,739832338610494, 0,28731313010816) (0,402696675525668, 0,714368299639789, 0,665134207438238) (0,777915530701747, 0,147330853535712, 0,859245890332688) (1,02213307076313, 0,160062873021065, 0,670335351667648) 
(1,02213307076313, 0,160062873021065, 0,670335351667648) (0,777915530701747, 0,147330853535712, 0,859245890332688) (1,00671944908072, 0,494521989246836, 1,43117865055722) (1,4951545292035, 0,519986028217541, 1,05335757322714) 
(1,4951545292035, 0,519986028217541, 1,05335757322714) (1,00671944908072, 0,494521989246836, 1,43117865055722) (1,3819383042568, -0,0725154568572422, 1,62529033345167) (1,62615584431819, -0,0597834373718896, 1,43637979478663) 
(1,62615584431819, -0,0597834373718896, 1,43637979478663) (1,3819383042568, -0,0725154568572422, 1,62529033345167) (1,61074222263577, 0,274675678853884, 2,19722309367619) (2,09917730275855, 0,300139717824587, 1,81940201634612) 
(2,09917730275855, 0,300139717824587, 1,81940201634612) (1,61074222263577, 0,274675678853884, 2,19722309367619) (1,98596107781185, -0,292361767250195, 2,39133477657064) (2,23017861787324, -0,279629747764843, 2,2024242379056) 
(-0,356922548009804, 0,129909183414018, -0,861753534570305) (-0,430130016408357, 0,587023474321619, -0,672842995905266) (-0,646384791771831, 0,399689332452869, -0,556089862177221) 
(2,05916854621041, -0,749476058157797, 2,2024242379056) (1,98596107781185, -0,292361767250195, 2,39133477657064) (1,76970630244838, -0,479695909118944, 2,50808791029869) 
(-0,430130016408357, 0,587023474321619, -0,672842995905266) (-0,646384791771831, 0,399689332452869, -0,556089862177221) (-0,633835648756332, 0,559546326295245, 0,132596031775352) (-0,201326098029385, 0,934214610032742, -0,100910235680739) 
(-0,201326098029385, 0,934214610032742, -0,100910235680739) (-0,633835648756332, 0,559546326295245, 0,132596031775352) (-0,0423620182167789, 0,179843022059916, 0,209954580941756) (0,173892757146695, 0,367177163928665, 0,0932014472137106) 
(0,173892757146695, 0,367177163928665, 0,0932014472137106) (-0,0423620182167789, 0,179843022059916, 0,209954580941756) (-0,0298128752012804, 0,339700015902291, 0,898640474894328) (0,402696675525668, 0,714368299639789, 0,665134207438238) 
(0,402696675525668, 0,714368299639789, 0,665134207438238) (-0,0298128752012804, 0,339700015902291, 0,898640474894328) (0,561660755338272, -0,0400032883330375, 0,975999024060732) (0,777915530701747, 0,147330853535712, 0,859245890332688) 
(0,777915530701747, 0,147330853535712, 0,859245890332688) (0,561660755338272, -0,0400032883330375, 0,975999024060732) (0,574209898353772, 0,119853705509338, 1,66468491801331) (1,00671944908072, 0,494521989246836, 1,43117865055722) 
(1,00671944908072, 0,494521989246836, 1,43117865055722) (0,574209898353772, 0,119853705509338, 1,66468491801331) (1,16568352889333, -0,259849598725991, 1,74204346717971) (1,3819383042568, -0,0725154568572422, 1,62529033345167) 
(1,3819383042568, -0,0725154568572422, 1,62529033345167) (1,16568352889333, -0,259849598725991, 1,74204346717971) (1,17823267190883, -0,0999926048836149, 2,43072936113228) (1,61074222263577, 0,274675678853884, 2,19722309367619) 
(1,61074222263577, 0,274675678853884, 2,19722309367619) (1,17823267190883, -0,0999926048836149, 2,43072936113228) (1,76970630244838, -0,479695909118944, 2,50808791029869) (1,98596107781185, -0,292361767250195, 2,39133477657064) 
(-0,356922548009804, 0,129909183414018, -0,861753534570305) (-0,646384791771831, 0,399689332452869, -0,556089862177221) (-0,752074828478018, 0,109308343141292, -0,556089862177221) 
(2,05916854621041, -0,749476058157797, 2,2024242379056) (1,76970630244838, -0,479695909118944, 2,50808791029869) (1,66401626574219, -0,770076898430522, 2,50808791029869) 
(-0,646384791771831, 0,399689332452869, -0,556089862177221) (-0,752074828478018, 0,109308343141292, -0,556089862177221) (-0,845215722168705, -0,021215652327911, 0,132596031775352) (-0,633835648756332, 0,559546326295245, 0,132596031775352) 
(-0,633835648756332, 0,559546326295245, 0,132596031775352) (-0,845215722168705, -0,021215652327911, 0,132596031775352) (-0,148052054922966, -0,110537967251661, 0,209954580941756) (-0,0423620182167789, 0,179843022059916, 0,209954580941756) 
(-0,0423620182167789, 0,179843022059916, 0,209954580941756) (-0,148052054922966, -0,110537967251661, 0,209954580941756) (-0,241192948613654, -0,241061962720864, 0,898640474894328) (-0,0298128752012804, 0,339700015902291, 0,898640474894328) 
(-0,0298128752012804, 0,339700015902291, 0,898640474894328) (-0,241192948613654, -0,241061962720864, 0,898640474894328) (0,455970718632085, -0,330384277644616, 0,975999024060732) (0,561660755338272, -0,0400032883330375, 0,975999024060732) 
(0,561660755338272, -0,0400032883330375, 0,975999024060732) (0,455970718632085, -0,330384277644616, 0,975999024060732) (0,362829824941399, -0,460908273113818, 1,66468491801331) (0,574209898353772, 0,119853705509338, 1,66468491801331) 
(0,574209898353772, 0,119853705509338, 1,66468491801331) (0,362829824941399, -0,460908273113818, 1,66468491801331) (1,05999349218714, -0,550230588037569, 1,74204346717971) (1,16568352889333, -0,259849598725991, 1,74204346717971) 
(1,16568352889333, -0,259849598725991, 1,74204346717971) (1,05999349218714, -0,550230588037569, 1,74204346717971) (0,96685259849645, -0,680754583506772, 2,43072936113228) (1,17823267190883, -0,0999926048836149, 2,43072936113228) 
(1,17823267190883, -0,0999926048836149, 2,43072936113228) (0,96685259849645, -0,680754583506772, 2,43072936113228) (1,66401626574219, -0,770076898430522, 2,50808791029869) (1,76970630244838, -0,479695909118944, 2,50808791029869) 
(-0,356922548009804, 0,129909183414018, -0,861753534570305) (-0,752074828478018, 0,109308343141292, -0,556089862177221) (-0,706830124777378, -0,173203825382913, -0,672842995905266) 
(2,05916854621041, -0,749476058157797, 2,2024242379056) (1,66401626574219, -0,770076898430522, 2,50808791029869) (1,70926096944283, -1,05258906695473, 2,39133477657064) 
(-0,752074828478018, 0,109308343141292, -0,556089862177221) (-0,706830124777378, -0,173203825382913, -0,672842995905266) (-0,754726314767426, -0,586239989376319, -0,100910235680738) (-0,845215722168705, -0,021215652327911, 0,132596031775352) 
(-0,845215722168705, -0,021215652327911, 0,132596031775352) (-0,754726314767426, -0,586239989376319, -0,100910235680738) (-0,102807351222326, -0,393050135775866, 0,0932014472137112) (-0,148052054922966, -0,110537967251661, 0,209954580941756) 
(-0,148052054922966, -0,110537967251661, 0,209954580941756) (-0,102807351222326, -0,393050135775866, 0,0932014472137112) (-0,150703541212374, -0,806086299769273, 0,66513420743824) (-0,241192948613654, -0,241061962720864, 0,898640474894328) 
(-0,241192948613654, -0,241061962720864, 0,898640474894328) (-0,150703541212374, -0,806086299769273, 0,66513420743824) (0,501215422332726, -0,612896446168819, 0,859245890332688) (0,455970718632085, -0,330384277644616, 0,975999024060732) 
(0,455970718632085, -0,330384277644616, 0,975999024060732) (0,501215422332726, -0,612896446168819, 0,859245890332688) (0,453319232342678, -1,02593261016223, 1,43117865055722) (0,362829824941399, -0,460908273113818, 1,66468491801331) 
(0,362829824941399, -0,460908273113818, 1,66468491801331) (0,453319232342678, -1,02593261016223, 1,43117865055722) (1,10523819588778, -0,832742756561775, 1,62529033345167) (1,05999349218714, -0,550230588037569, 1,74204346717971) 
(1,05999349218714, -0,550230588037569, 1,74204346717971) (1,10523819588778, -0,832742756561775, 1,62529033345167) (1,05734200589773, -1,24577892055518, 2,19722309367619) (0,96685259849645, -0,680754583506772, 2,43072936113228) 
(0,96685259849645, -0,680754583506772, 2,43072936113228) (1,05734200589773, -1,24577892055518, 2,19722309367619) (1,70926096944283, -1,05258906695473, 2,39133477657064) (1,66401626574219, -0,770076898430522, 2,50808791029869) 
(-0,356922548009804, 0,129909183414018, -0,861753534570305) (-0,706830124777378, -0,173203825382913, -0,672842995905266) (-0,527932619672638, -0,339937126978935, -0,861753534570304) 
(2,05916854621041, -0,749476058157797, 2,2024242379056) (1,70926096944283, -1,05258906695473, 2,39133477657064) (1,88815847454757, -1,21932236855075, 2,2024242379056) 
(-0,706830124777378, -0,173203825382913, -0,672842995905266) (-0,527932619672638, -0,339937126978935, -0,861753534570304) (-0,396931304557946, -0,919706592568365, -0,478731313010816) (-0,754726314767426, -0,586239989376319, -0,100910235680738) 
(-0,754726314767426, -0,586239989376319, -0,100910235680738) (-0,396931304557946, -0,919706592568365, -0,478731313010816) (0,0760901538824143, -0,559783437371889, -0,0957090914513272) (-0,102807351222326, -0,393050135775866, 0,0932014472137112) 
(-0,102807351222326, -0,393050135775866, 0,0932014472137112) (0,0760901538824143, -0,559783437371889, -0,0957090914513272) (0,207091468997106, -1,13955290296132, 0,287313130108161) (-0,150703541212374, -0,806086299769273, 0,66513420743824) 
(-0,150703541212374, -0,806086299769273, 0,66513420743824) (0,207091468997106, -1,13955290296132, 0,287313130108161) (0,680112927437465, -0,779629747764842, 0,670335351667649) (0,501215422332726, -0,612896446168819, 0,859245890332688) 
(0,501215422332726, -0,612896446168819, 0,859245890332688) (0,680112927437465, -0,779629747764842, 0,670335351667649) (0,811114242552159, -1,35939921335427, 1,05335757322714) (0,453319232342678, -1,02593261016223, 1,43117865055722) 
(0,453319232342678, -1,02593261016223, 1,43117865055722) (0,811114242552159, -1,35939921335427, 1,05335757322714) (1,28413570099252, -0,999476058157797, 1,43637979478663) (1,10523819588778, -0,832742756561775, 1,62529033345167) 
(1,10523819588778, -0,832742756561775, 1,62529033345167) (1,28413570099252, -0,999476058157797, 1,43637979478663) (1,41513701610721, -1,57924552374723, 1,81940201634612) (1,05734200589773, -1,24577892055518, 2,19722309367619) 
(1,05734200589773, -1,24577892055518, 2,19722309367619) (1,41513701610721, -1,57924552374723, 1,81940201634612) (1,88815847454757, -1,21932236855075, 2,2024242379056) (1,70926096944283, -1,05258906695473, 2,39133477657064) 
(-0,356922548009804, 0,129909183414018, -0,861753534570305) (-0,527932619672638, -0,339937126978935, -0,861753534570304) (-0,283715079611251, -0,327205107493583, -1,05066407323534) 
(2,05916854621041, -0,749476058157797, 2,2024242379056) (1,88815847454757, -1,21932236855075, 2,2024242379056) (2,13237601460896, -1,2065903490654, 2,01351369924057) 
(-0,527932619672638, -0,339937126978935, -0,861753534570304) (-0,283715079611251, -0,327205107493583, -1,05066407323534) (0,0915037755648285, -0,894242553597661, -0,856552390340893) (-0,396931304557946, -0,919706592568365, -0,478731313010816) 
(-0,396931304557946, -0,919706592568365, -0,478731313010816) (0,0915037755648285, -0,894242553597661, -0,856552390340893) (0,320307693943802, -0,547051417886537, -0,284619630116367) (0,0760901538824143, -0,559783437371889, -0,0957090914513272) 
(0,0760901538824143, -0,559783437371889, -0,0957090914513272) (0,320307693943802, -0,547051417886537, -0,284619630116367) (0,695526549119881, -1,11408886399061, -0,090507947221917) (0,207091468997106, -1,13955290296132, 0,287313130108161) 
(0,207091468997106, -1,13955290296132, 0,287313130108161) (0,695526549119881, -1,11408886399061, -0,090507947221917) (0,924330467498852, -0,76689772827949, 0,481424813002609) (0,680112927437465, -0,779629747764842, 0,670335351667649) 
(0,680112927437465, -0,779629747764842, 0,670335351667649) (0,924330467498852, -0,76689772827949, 0,481424813002609) (1,29954932267493, -1,33393517438357, 0,675536495897061) (0,811114242552159, -1,35939921335427, 1,05335757322714) 
(0,811114242552159, -1,35939921335427, 1,05335757322714) (1,29954932267493, -1,33393517438357, 0,675536495897061) (1,52835324105391, -0,986744038672444, 1,24746925612159) (1,28413570099252, -0,999476058157797, 1,43637979478663) 
(1,28413570099252, -0,999476058157797, 1,43637979478663) (1,52835324105391, -0,986744038672444, 1,24746925612159) (1,90357209622999, -1,55378148477652, 1,44158093901604) (1,41513701610721, -1,57924552374723, 1,81940201634612) 
(1,41513701610721, -1,57924552374723, 1,81940201634612) (1,90357209622999, -1,55378148477652, 1,44158093901604) (2,13237601460896, -1,2065903490654, 2,01351369924057) (1,88815847454757, -1,21932236855075, 2,2024242379056) 
(-0,356922548009804, 0,129909183414018, -0,861753534570305) (-0,283715079611251, -0,327205107493583, -1,05066407323534) (-0,0674603042477763, -0,139870965624834, -1,16741720696339) 
(2,05916854621041, -0,749476058157797, 2,2024242379056) (2,13237601460896, -1,2065903490654, 2,01351369924057) (2,34863078997243, -1,01925620719665, 1,89676056551252) 
(-0,283715079611251, -0,327205107493583, -1,05066407323534) (-0,0674603042477763, -0,139870965624834, -1,16741720696339) (0,524013326291776, -0,519574269860163, -1,09005865779698) (0,0915037755648285, -0,894242553597661, -0,856552390340893) 
(0,0915037755648285, -0,894242553597661, -0,856552390340893) (0,524013326291776, -0,519574269860163, -1,09005865779698) (0,536562469307276, -0,359717276017788, -0,401372763844411) (0,320307693943802, -0,547051417886537, -0,284619630116367) 
(0,320307693943802, -0,547051417886537, -0,284619630116367) (0,536562469307276, -0,359717276017788, -0,401372763844411) (1,12803609984683, -0,739420580253116, -0,324014214678007) (0,695526549119881, -1,11408886399061, -0,090507947221917) 
(0,695526549119881, -1,11408886399061, -0,090507947221917) (1,12803609984683, -0,739420580253116, -0,324014214678007) (1,14058524286233, -0,579563586410741, 0,364671679274565) (0,924330467498852, -0,76689772827949, 0,481424813002609) 
(0,924330467498852, -0,76689772827949, 0,481424813002609) (1,14058524286233, -0,579563586410741, 0,364671679274565) (1,73205887340188, -0,95926689064607, 0,442030228440969) (1,29954932267493, -1,33393517438357, 0,675536495897061) 
(1,29954932267493, -1,33393517438357, 0,675536495897061) (1,73205887340188, -0,95926689064607, 0,442030228440969) (1,74460801641738, -0,799409896803695, 1,13071612239354) (1,52835324105391, -0,986744038672444, 1,24746925612159) 
(1,52835324105391, -0,986744038672444, 1,24746925612159) (1,74460801641738, -0,799409896803695, 1,13071612239354) (2,33608164695693, -1,17911320103903, 1,20807467155995) (1,90357209622999, -1,55378148477652, 1,44158093901604) 
(1,90357209622999, -1,55378148477652, 1,44158093901604) (2,33608164695693, -1,17911320103903, 1,20807467155995) (2,34863078997243, -1,01925620719665, 1,89676056551252) (2,13237601460896, -1,2065903490654, 2,01351369924057) 
(-0,356922548009804, 0,129909183414018, -0,861753534570305) (-0,0674603042477763, -0,139870965624834, -1,16741720696339) (0,0382297324584103, 0,150510023686743, -1,16741720696339) 
(2,05916854621041, -0,749476058157797, 2,2024242379056) (2,34863078997243, -1,01925620719665, 1,89676056551252) (2,45432082667862, -0,728875217885072, 1,89676056551252) 
(-0,0674603042477763, -0,139870965624834, -1,16741720696339) (0,0382297324584103, 0,150510023686743, -1,16741720696339) (0,73539339970415, 0,0611877087629926, -1,09005865779698) (0,524013326291776, -0,519574269860163, -1,09005865779698) 
(0,524013326291776, -0,519574269860163, -1,09005865779698) (0,73539339970415, 0,0611877087629926, -1,09005865779698) (0,642252506013463, -0,0693362867062098, -0,401372763844412) (0,536562469307276, -0,359717276017788, -0,401372763844411) 
(0,536562469307276, -0,359717276017788, -0,401372763844411) (0,642252506013463, -0,0693362867062098, -0,401372763844412) (1,3394161732592, -0,15865860162996, -0,324014214678007) (1,12803609984683, -0,739420580253116, -0,324014214678007) 
(1,12803609984683, -0,739420580253116, -0,324014214678007) (1,3394161732592, -0,15865860162996, -0,324014214678007) (1,24627527956852, -0,289182597099164, 0,364671679274564) (1,14058524286233, -0,579563586410741, 0,364671679274565) 
(1,14058524286233, -0,579563586410741, 0,364671679274565) (1,24627527956852, -0,289182597099164, 0,364671679274564) (1,94343894681425, -0,378504912022915, 0,44203022844097) (1,73205887340188, -0,95926689064607, 0,442030228440969) 
(1,73205887340188, -0,95926689064607, 0,442030228440969) (1,94343894681425, -0,378504912022915, 0,44203022844097) (1,85029805312357, -0,509028907492118, 1,13071612239354) (1,74460801641738, -0,799409896803695, 1,13071612239354) 
(1,74460801641738, -0,799409896803695, 1,13071612239354) (1,85029805312357, -0,509028907492118, 1,13071612239354) (2,54746172036931, -0,598351222415868, 1,20807467155995) (2,33608164695693, -1,17911320103903, 1,20807467155995) 
(2,33608164695693, -1,17911320103903, 1,20807467155995) (2,54746172036931, -0,598351222415868, 1,20807467155995) (2,45432082667862, -0,728875217885072, 1,89676056551252) (2,34863078997243, -1,01925620719665, 1,89676056551252) 
(-0,356922548009804, 0,129909183414018, -0,861753534570305) (0,0382297324584103, 0,150510023686743, -1,16741720696339) (-0,00701497124222948, 0,433022192210948, -1,05066407323534) 
(2,05916854621041, -0,749476058157797, 2,2024242379056) (2,45432082667862, -0,728875217885072, 1,89676056551252) (2,40907612297798, -0,446363049360866, 2,01351369924057) 
(0,0382297324584103, 0,150510023686743, -1,16741720696339) (-0,00701497124222948, 0,433022192210948, -1,05066407323534) (0,644903992302871, 0,626212045811401, -0,856552390340893) (0,73539339970415, 0,0611877087629926, -1,09005865779698) 
(0,73539339970415, 0,0611877087629926, -1,09005865779698) (0,644903992302871, 0,626212045811401, -0,856552390340893) (0,597007802312823, 0,213175881817995, -0,284619630116366) (0,642252506013463, -0,0693362867062098, -0,401372763844412) 
(0,642252506013463, -0,0693362867062098, -0,401372763844412) (0,597007802312823, 0,213175881817995, -0,284619630116366) (1,24892676585792, 0,406365735418448, -0,0905079472219173) (1,3394161732592, -0,15865860162996, -0,324014214678007) 
(1,3394161732592, -0,15865860162996, -0,324014214678007) (1,24892676585792, 0,406365735418448, -0,0905079472219173) (1,20103057586787, -0,00667042857495925, 0,481424813002608) (1,24627527956852, -0,289182597099164, 0,364671679274564) 
(1,24627527956852, -0,289182597099164, 0,364671679274564) (1,20103057586787, -0,00667042857495925, 0,481424813002608) (1,85294953941297, 0,186519425025495, 0,67553649589706) (1,94343894681425, -0,378504912022915, 0,44203022844097) 
(1,94343894681425, -0,378504912022915, 0,44203022844097) (1,85294953941297, 0,186519425025495, 0,67553649589706) (1,80505334942293, -0,226516738967912, 1,24746925612159) (1,85029805312357, -0,509028907492118, 1,13071612239354) 
(1,85029805312357, -0,509028907492118, 1,13071612239354) (1,80505334942293, -0,226516738967912, 1,24746925612159) (2,45697231296803, -0,033326885367459, 1,44158093901604) (2,54746172036931, -0,598351222415868, 1,20807467155995) 
(2,54746172036931, -0,598351222415868, 1,20807467155995) (2,45697231296803, -0,033326885367459, 1,44158093901604) (2,40907612297798, -0,446363049360866, 2,01351369924057) (2,45432082667862, -0,728875217885072, 1,89676056551252) 
(-0,356922548009804, 0,129909183414018, -0,861753534570305) (-0,00701497124222948, 0,433022192210948, -1,05066407323534) (-0,18591247634697, 0,599755493806972, -0,861753534570305) 
(2,05916854621041, -0,749476058157797, 2,2024242379056) (2,40907612297798, -0,446363049360866, 2,01351369924057) (2,23017861787324, -0,279629747764843, 2,2024242379056) 
(-0,00701497124222948, 0,433022192210948, -1,05066407323534) (-0,18591247634697, 0,599755493806972, -0,861753534570305) (0,28710898209339, 0,959678649003447, -0,478731313010816) (0,644903992302871, 0,626212045811401, -0,856552390340893) 
(0,644903992302871, 0,626212045811401, -0,856552390340893) (0,28710898209339, 0,959678649003447, -0,478731313010816) (0,418110297208083, 0,379909183414017, -0,0957090914513276) (0,597007802312823, 0,213175881817995, -0,284619630116366) 
(0,597007802312823, 0,213175881817995, -0,284619630116366) (0,418110297208083, 0,379909183414017, -0,0957090914513276) (0,891131755648443, 0,739832338610494, 0,28731313010816) (1,24892676585792, 0,406365735418448, -0,0905079472219173) 
(1,24892676585792, 0,406365735418448, -0,0905079472219173) (0,891131755648443, 0,739832338610494, 0,28731313010816) (1,02213307076313, 0,160062873021065, 0,670335351667648) (1,20103057586787, -0,00667042857495925, 0,481424813002608) 
(1,20103057586787, -0,00667042857495925, 0,481424813002608) (1,02213307076313, 0,160062873021065, 0,670335351667648) (1,4951545292035, 0,519986028217541, 1,05335757322714) (1,85294953941297, 0,186519425025495, 0,67553649589706) 
(1,85294953941297, 0,186519425025495, 0,67553649589706) (1,4951545292035, 0,519986028217541, 1,05335757322714) (1,62615584431819, -0,0597834373718896, 1,43637979478663) (1,80505334942293, -0,226516738967912, 1,24746925612159) 
(1,80505334942293, -0,226516738967912, 1,24746925612159) (1,62615584431819, -0,0597834373718896, 1,43637979478663) (2,09917730275855, 0,300139717824587, 1,81940201634612) (2,45697231296803, -0,033326885367459, 1,44158093901604) 
(2,45697231296803, -0,033326885367459, 1,44158093901604) (2,09917730275855, 0,300139717824587, 1,81940201634612) (2,23017861787324, -0,279629747764843, 2,2024242379056) (2,40907612297798, -0,446363049360866, 2,01351369924057) 